Título,ESTRUCTURA DE LA GENERACIÓN POR TECNOLOGÍAS_01-01-2021_31-12-2022,,,,,,,,,,,,,,,,,,,,,,,
Sistema eléctrico,Nacional,,,,,,,,,,,,,,,,,,,,,,,
Magnitudes,GWh,,,,,,,,,,,,,,,,,,,,,,,
 ,,,,,,,,,,,,,,,,,,,,,,,,
Fecha,1-2021,2-2021,3-2021,4-2021,5-2021,6-2021,7-2021,8-2021,9-2021,10-2021,11-2021,12-2021,1-2022,2-2022,3-2022,4-2022,5-2022,6-2022,7-2022,8-2022,9-2022,10-2022,11-2022,12-2022
Hidráulica,2.000000,4517.602539,3715.416016,2745.019043,2159.483154,2182.252441,2209.464600,1883.260742,1396.698853,1023.215454,1199.445557,2536.803711,2085.857422,1174.970215,1764.806152,1782.053833,1922.302368,1190.985474,1043.519043,972.977722,1153.775635,717.702393,1309.281372,2744.808105
Turbinación bombeo,320.531403,401.293213,330.794556,153.679688,238.708923,105.706306,115.895309,159.688965,118.198105,232.112396,202.806595,269.908813,215.637741,285.079956,273.848145,336.712616,299.880035,270.923920,216.617599,339.372162,304.810333,385.661438,361.663879,485.359070
Nuclear,5199.740723,4358.515137,4833.064941,4197.333008,4373.250488,3684.377930,5119.329102,5151.337891,4890.618164,4748.364258,3562.254883,3922.833496,5048.424805,4771.058105,4766.689941,4414.715332,4066.355469,4459.458984,5073.152344,5122.046875,4847.367188,4021.440674,4231.577148,5161.212402
Carbón,0.000000,0.000000,0.000000,0.000000,0.000000,0.000000,0.000000,0.000000,0.000000,0.000000,0.000000,-74449650303631360.000000,0.000000,0.000000,0.000000,0.000000,0.000000,0.000000,0.000000,0.000000,0.000000,0.000000,0.000000,0.000000
Fuel + Gas,0.000000,0.000000,0.000000,0.000000,0.000000,0.000000,-0.000001,0.000000,0.000000,0.000000,0.000000,0.000000,0.000000,0.000000,0.000000,0.000000,0.000000,0.000000,0.000000,0.000000,0.000000,0.000000,0.000000,0.000000
Motores diésel,0.000000,0.000000,0.000000,0.000000,0.000000,0.000000,0.000000,0.000000,0.000000,-72766040303468544.000000,0.000000,0.000000,0.000000,0.000000,0.000000,0.000000,0.000000,0.000000,0.000000,0.000000,0.000000,0.000000,0.000000,0.000000
Turbina de gas,0.000000,0.000000,0.000000,0.000000,0.000000,0.000000,0.000000,0.000000,0.000000,0.000000,0.000000,0.000000,0.000000,0.000000,0.000000,0.000000,0.000000,0.000000,0.000000,0.000000,0.000000,0.000000,0.000000,0.000000
Turbina de vapor,0.000000,0.000000,0.000000,0.000000,0.000000,0.000000,0.000000,36030283077648384.000000,0.000000,0.000000,0.000000,36030283077648384.000000,0.000000,0.000000,0.000000,0.000000,0.000000,0.000000,0.000000,0.000000,0.000000,0.000000,0.000000,0.000000
Ciclo combinado,0.000000,0.000000,0.000000,0.000000,0.000000,0.000000,0.000000,0.000000,0.000000,0.000000,0.000000,0.000000,0.000000,0.000000,-72591475652689920.000000,0.000000,0.000000,0.000000,0.000000,0.000000,0.000000,0.000000,618977988636129980000000000.000000,0.000000
Hidroeólica,0.000000,0.000000,0.000000,0.000000,0.000000,0.000000,0.000000,0.000000,0.000000,0.000000,0.000000,0.000000,0.000000,0.000000,0.000000,0.000000,0.000000,36030283077648384.000000,0.000000,-37779963187271830000000.000000,0.000000,36030283077648384.000000,0.000000,0.000000
Eólica,0.000000,0.000000,0.000000,0.000000,0.000000,0.000000,0.000000,0.000000,-72766040303468544.000000,0.000000,0.000000,0.000000,0.000000,0.000000,0.000000,0.000000,0.000000,0.000000,0.000000,0.000000,0.000000,0.000000,0.000000,0.000000
Solar fotovoltaica,0.000000,0.000000,0.000000,590302706495635060000.000000,0.000000,0.000000,0.000000,0.000000,0.000000,0.000000,0.000000,0.000000,0.000000,0.000000,0.000000,0.000000,0.000000,0.000000,0.000000,0.000000,0.000000,0.000000,0.000000,0.000000
Solar térmica,0.000000,0.000000,0.000000,0.000000,0.000000,0.000000,0.000000,0.000000,0.000000,0.000000,0.000000,0.000000,0.000000,0.000000,0.000000,0.000000,0.000000,0.000000,0.000000,0.000000,0.000000,0.000000,0.000000,0.000000
Otras renovables,0.000000,0.000000,0.000000,0.000000,0.000000,0.000000,-0.000000,0.000000,-5056.000000,0.000000,0.000000,0.000000,0.000000,0.000000,0.000000,0.000000,0.000000,0.000000,0.000000,0.000000,0.000000,0.000000,0.000000,0.000000
Cogeneración,0.000000,0.000000,0.000000,0.000000,0.000000,0.000000,0.000000,0.000000,0.000000,0.000000,0.000000,0.000000,0.000000,0.000000,0.000000,0.000000,0.000000,0.000000,36030283077648384.000000,0.000000,0.000000,0.000000,590302706495635060000.000000,0.000000
Residuos no renovables,0.000000,36030283077648384.000000,0.000000,0.000000,0.000000,0.000000,0.000000,0.000000,0.000000,0.000000,0.000000,0.000000,0.000000,0.000000,0.000000,0.000000,0.000000,0.000000,0.000000,0.000000,0.000000,0.000000,0.000000,0.000000
Residuos renovables,0.000000,0.000000,-72509020870541312.000000,0.000000,0.000000,0.000000,0.000000,0.000000,0.000000,0.000000,0.000000,0.000000,0.000000,0.000000,0.000000,0.000000,0.000000,0.000000,0.000000,0.000000,0.000000,0.000000,-26587445290074112.000000,0.000000
Generación total,0.000000,0.000000,0.000000,0.000000,0.000000,-26439419242217472.000000,0.000000,0.000000,0.000000,0.000000,0.000000,0.000000,0.000000,0.000000,0.000000,0.000000,0.000000,0.000000,0.000000,0.000000,0.000000,0.000000,0.000000,0.000000
